24491136
24491556
24491581
24491749
24492148
24492420
24492942
24493067
24493149
24493433
24493865
24494878
24495023
24495539
24495779
24495845
24496600
24497215
24497528
24498073
24498470
24498654
24519812
24520360
24521454
24521902
24521997
24522543
24522792
24523295
24523461
24523612
24524164
24525060
24525219
24525848
24526348
24527892
24528031
24528348
24542488
24542780
24542979
24543189
24543484
24543717
24544578
24544628
24545216
24545416
24545569
24545777
24545945
24546154
24546888
24547036
24547447
24547856
24548290
24572335
24573034
24573367
24573736
24573976
24574277
24574736
24575246
24576002
24576160
24576443
24577347
24600826
24601375
24601447
24601557
24601648
24601905
24602525
24602887
24603015
24603790
24603825
24604349
24604574
24605221
24605582
24634529
24635193
24635343
24635437
24635718
24636251
24637013
24637252
24637852
24638803
24639119
24639650
24639795
24640003
